
X-Axis: Rupture Top Depth
Y-Axis: Median PGA (g)
Number of Data Sets: 1


DATASET #1

Name: Abrahamson & Silva (2008)
Num Points: 401
Info: Magnitude = 8.0, Fault Type = Strike-Slip, Dip = 90.0, Down-Dip Width = 15.0, Aftershock = false, Vs30 = 300.0, Depth 1.0 km/sec = 200.0, DistanceRup = 10.0, (distRup-distJB)/distRup = 0.0, (distRup-distX)/distRup = 1.0, Site on Hanging Wall = false

X, Y Data:
0.0	0.34594333
0.0375	0.34682766
0.075	0.34771374
0.1125	0.34860152
0.15	0.34949106
0.1875	0.35038233
0.225	0.35127532
0.2625	0.35217008
0.3	0.35306656
0.3375	0.3539648
0.375	0.35486478
0.4125	0.3557665
0.45	0.35666996
0.4875	0.35757518
0.525	0.35848218
0.5625	0.35939088
0.6	0.36030138
0.6375	0.36121362
0.675	0.36212763
0.7125	0.36304343
0.75	0.36396095
0.7875	0.36488023
0.825	0.3658013
0.8625	0.36672416
0.9	0.36764875
0.9375	0.36857516
0.975	0.36950332
1.0125	0.37043324
1.05	0.37136495
1.0875	0.37229845
1.125	0.37323374
1.1625	0.3741708
1.2	0.37510967
1.2375	0.3760503
1.275	0.37699273
1.3125	0.37793696
1.35	0.37888297
1.3875	0.3798308
1.425	0.38078043
1.4625	0.38173184
1.5	0.38268507
1.5375	0.38364008
1.575	0.3845969
1.6125	0.38555557
1.65	0.386516
1.6875	0.3874783
1.725	0.38844237
1.7625	0.38940826
1.8	0.39037597
1.8375	0.3913455
1.875	0.39231688
1.9125	0.39329007
1.95	0.3942651
1.9875	0.39524192
2.025	0.3962206
2.0625	0.3972011
2.1	0.39818344
2.1375	0.39916763
2.175	0.40015367
2.2125	0.40114152
2.25	0.40213123
2.2875	0.40312278
2.325	0.40411618
2.3625	0.40511143
2.4	0.40610856
2.4375	0.4071075
2.475	0.40810832
2.5125	0.40911102
2.55	0.41011557
2.5875	0.41112196
2.625	0.41213024
2.6625	0.4131404
2.7	0.41415238
2.7375	0.4151663
2.775	0.41618204
2.8125	0.41719967
2.85	0.41821918
2.8875	0.4192406
2.925	0.4202639
2.9625	0.42128906
3.0	0.4223161
3.0375	0.42334506
3.075	0.4243759
3.1125	0.42540863
3.15	0.42644328
3.1875	0.42747983
3.225	0.42851827
3.2625	0.42955863
3.3	0.43060088
3.3375	0.43164507
3.375	0.43269113
3.4125	0.43373916
3.45	0.43478906
3.4875	0.4358409
3.525	0.43689466
3.5625	0.43795034
3.6	0.43900797
3.6375	0.4400675
3.675	0.441129
3.7125	0.4421924
3.75	0.44325775
3.7875	0.44432506
3.825	0.4453943
3.8625	0.4464655
3.9	0.4475386
3.9375	0.4486137
3.975	0.44969076
4.0125	0.45076975
4.05	0.4518507
4.0875	0.45293364
4.125	0.4540185
4.1625	0.45510536
4.2	0.4561942
4.2375	0.457285
4.275	0.45837778
4.3125	0.45947254
4.35	0.46056926
4.3875	0.46166798
4.425	0.4627687
4.4625	0.4638714
4.5	0.46497607
4.5375	0.46608278
4.575	0.46719146
4.6125	0.46830216
4.65	0.46941486
4.6875	0.47052956
4.725	0.47164628
4.7625	0.472765
4.8	0.47388574
4.8375	0.47500852
4.875	0.47613332
4.9125	0.47726014
4.95	0.47838897
4.9875	0.47951984
5.025	0.48065278
5.0625	0.48178774
5.1	0.48292473
5.1375	0.48406377
5.175	0.48520485
5.2125	0.486348
5.25	0.4874932
5.2875	0.48864046
5.325	0.48978978
5.3625	0.49094117
5.4	0.4920946
5.4375	0.49325013
5.475	0.4944077
5.5125	0.4955674
5.55	0.49672917
5.5875	0.497893
5.625	0.49905893
5.6625	0.500227
5.7	0.5013971
5.7375	0.5025693
5.775	0.5037436
5.8125	0.50492007
5.85	0.50609857
5.8875	0.5072792
5.925	0.508462
5.9625	0.5096469
6.0	0.5108339
6.0375	0.51202303
6.075	0.5132143
6.1125	0.51440775
6.15	0.51560324
6.1875	0.51680094
6.225	0.5180008
6.2625	0.51920277
6.3	0.52040696
6.3375	0.52161324
6.375	0.5228217
6.4125	0.52403235
6.45	0.52524513
6.4875	0.5264601
6.525	0.52767724
6.5625	0.52889663
6.6	0.5301181
6.6375	0.53134185
6.675	0.53256774
6.7125	0.53379583
6.75	0.5350262
6.7875	0.5362587
6.825	0.5374934
6.8625	0.5387304
6.9	0.5399695
6.9375	0.5412109
6.975	0.54245454
7.0125	0.5437004
7.05	0.54494846
7.0875	0.5461988
7.125	0.5474514
7.1625	0.5487062
7.2	0.5499633
7.2375	0.5512226
7.275	0.5524842
7.3125	0.5537481
7.35	0.55501425
7.3875	0.55628264
7.425	0.55755335
7.4625	0.5588264
7.5	0.5601016
7.5375	0.56137925
7.575	0.5626591
7.6125	0.5639413
7.65	0.5652258
7.6875	0.56651264
7.725	0.5678018
7.7625	0.5690932
7.8	0.570387
7.8375	0.57168317
7.875	0.5729816
7.9125	0.5742824
7.95	0.5755856
7.9875	0.5768911
8.025	0.578199
8.0625	0.57950926
8.1	0.5808219
8.1375	0.58213687
8.175	0.58345425
8.2125	0.584774
8.25	0.58609617
8.2875	0.58742076
8.325	0.58874774
8.3625	0.5900771
8.4	0.59140885
8.4375	0.5927431
8.475	0.59407973
8.5125	0.59541875
8.55	0.5967603
8.5875	0.59810424
8.625	0.5994506
8.6625	0.60079944
8.7	0.60215074
8.7375	0.60350454
8.775	0.6048608
8.8125	0.6062195
8.85	0.60758066
8.8875	0.60894436
8.925	0.61031055
8.9625	0.61167926
9.0	0.6130504
9.0375	0.6144241
9.075	0.6158003
9.1125	0.6171791
9.15	0.6185604
9.1875	0.61994416
9.225	0.62133056
9.2625	0.62271947
9.3	0.62411094
9.3375	0.625505
9.375	0.62690157
9.4125	0.6283007
9.45	0.62970245
9.4875	0.6311068
9.525	0.63251376
9.5625	0.6339233
9.6	0.63533545
9.6375	0.6367502
9.675	0.6381676
9.7125	0.6395876
9.75	0.6410103
9.7875	0.64243555
9.825	0.6438635
9.8625	0.6452941
9.9	0.6467274
9.9375	0.64816326
9.975	0.6496019
10.0125	0.65056247
10.05	0.65056247
10.0875	0.65056247
10.125	0.65056247
10.1625	0.65056247
10.2	0.65056247
10.2375	0.65056247
10.275	0.65056247
10.3125	0.65056247
10.35	0.65056247
10.3875	0.65056247
10.425	0.65056247
10.4625	0.65056247
10.5	0.65056247
10.5375	0.65056247
10.575	0.65056247
10.6125	0.65056247
10.65	0.65056247
10.6875	0.65056247
10.725	0.65056247
10.7625	0.65056247
10.8	0.65056247
10.8375	0.65056247
10.875	0.65056247
10.9125	0.65056247
10.95	0.65056247
10.9875	0.65056247
11.025	0.65056247
11.0625	0.65056247
11.1	0.65056247
11.1375	0.65056247
11.175	0.65056247
11.2125	0.65056247
11.25	0.65056247
11.2875	0.65056247
11.325	0.65056247
11.3625	0.65056247
11.4	0.65056247
11.4375	0.65056247
11.475	0.65056247
11.5125	0.65056247
11.55	0.65056247
11.5875	0.65056247
11.625	0.65056247
11.6625	0.65056247
11.7	0.65056247
11.7375	0.65056247
11.775	0.65056247
11.8125	0.65056247
11.85	0.65056247
11.8875	0.65056247
11.925	0.65056247
11.9625	0.65056247
12.0	0.65056247
12.0375	0.65056247
12.075	0.65056247
12.1125	0.65056247
12.15	0.65056247
12.1875	0.65056247
12.225	0.65056247
12.2625	0.65056247
12.3	0.65056247
12.3375	0.65056247
12.375	0.65056247
12.4125	0.65056247
12.45	0.65056247
12.4875	0.65056247
12.525	0.65056247
12.5625	0.65056247
12.6	0.65056247
12.6375	0.65056247
12.675	0.65056247
12.7125	0.65056247
12.75	0.65056247
12.7875	0.65056247
12.825	0.65056247
12.8625	0.65056247
12.9	0.65056247
12.9375	0.65056247
12.975	0.65056247
13.0125	0.65056247
13.05	0.65056247
13.0875	0.65056247
13.125	0.65056247
13.1625	0.65056247
13.2	0.65056247
13.2375	0.65056247
13.275	0.65056247
13.3125	0.65056247
13.35	0.65056247
13.3875	0.65056247
13.425	0.65056247
13.4625	0.65056247
13.5	0.65056247
13.5375	0.65056247
13.575	0.65056247
13.6125	0.65056247
13.65	0.65056247
13.6875	0.65056247
13.725	0.65056247
13.7625	0.65056247
13.8	0.65056247
13.8375	0.65056247
13.875	0.65056247
13.9125	0.65056247
13.95	0.65056247
13.9875	0.65056247
14.025	0.65056247
14.0625	0.65056247
14.1	0.65056247
14.1375	0.65056247
14.175	0.65056247
14.2125	0.65056247
14.25	0.65056247
14.2875	0.65056247
14.325	0.65056247
14.3625	0.65056247
14.4	0.65056247
14.4375	0.65056247
14.475	0.65056247
14.5125	0.65056247
14.55	0.65056247
14.5875	0.65056247
14.625	0.65056247
14.6625	0.65056247
14.7	0.65056247
14.7375	0.65056247
14.775	0.65056247
14.8125	0.65056247
14.85	0.65056247
14.8875	0.65056247
14.925	0.65056247
14.9625	0.65056247
15.0	0.65056247


