
X-Axis: Rupture Top Depth
Y-Axis: Median PGV (cm/sec)
Number of Data Sets: 1


DATASET #1

Name: Abrahamson & Silva (2008)
Num Points: 401
Info: Magnitude = 6.5, Fault Type = Strike-Slip, Dip = 30.0, Down-Dip Width = 15.0, Aftershock = false, Vs30 = 300.0, Depth 1.0 km/sec = 200.0, DistanceRup = 10.0, (distRup-distJB)/distRup = 0.0, (distRup-distX)/distRup = 0.5, Site on Hanging Wall = true

X, Y Data:
0.0	22.54909
0.0375	22.597431
0.075	22.645863
0.1125	22.694386
0.15	22.743
0.1875	22.791704
0.225	22.8405
0.2625	22.889385
0.3	22.938364
0.3375	22.987432
0.375	23.036592
0.4125	23.085844
0.45	23.135187
0.4875	23.184624
0.525	23.23415
0.5625	23.28377
0.6	23.33348
0.6375	23.383286
0.675	23.43318
0.7125	23.48317
0.75	23.53325
0.7875	23.583424
0.825	23.63369
0.8625	23.68405
0.9	23.734503
0.9375	23.785048
0.975	23.835686
1.0125	23.88642
1.05	23.937244
1.0875	23.988163
1.125	24.039177
1.1625	24.090284
1.2	24.141483
1.2375	24.19278
1.275	24.244167
1.3125	24.29565
1.35	24.347229
1.3875	24.398901
1.425	24.450668
1.4625	24.50253
1.5	24.554485
1.5375	24.606537
1.575	24.658684
1.6125	24.710926
1.65	24.763262
1.6875	24.815695
1.725	24.868223
1.7625	24.920847
1.8	24.973566
1.8375	25.02638
1.875	25.079292
1.9125	25.1323
1.95	25.185402
1.9875	25.238602
2.025	25.291899
2.0625	25.345291
2.1	25.39878
2.1375	25.452366
2.175	25.50605
2.2125	25.55983
2.25	25.613707
2.2875	25.66768
2.325	25.721754
2.3625	25.775923
2.4	25.830189
2.4375	25.884554
2.475	25.939016
2.5125	25.993576
2.55	26.048235
2.5875	26.102991
2.625	26.157846
2.6625	26.2128
2.7	26.26785
2.7375	26.323
2.775	26.378248
2.8125	26.433596
2.85	26.489042
2.8875	26.544588
2.925	26.600233
2.9625	26.655977
3.0	26.71182
3.0375	26.767763
3.075	26.823805
3.1125	26.879948
3.15	26.93619
3.1875	26.99253
3.225	27.048973
3.2625	27.105515
3.3	27.162157
3.3375	27.218899
3.375	27.275743
3.4125	27.332685
3.45	27.38973
3.4875	27.446877
3.525	27.504122
3.5625	27.56147
3.6	27.618917
3.6375	27.676468
3.675	27.73412
3.7125	27.791872
3.75	27.849726
3.7875	27.907682
3.825	27.96574
3.8625	28.023901
3.9	28.082163
3.9375	28.140526
3.975	28.198994
4.0125	28.257563
4.05	28.316233
4.0875	28.375008
4.125	28.433884
4.1625	28.492863
4.2	28.551947
4.2375	28.611132
4.275	28.670422
4.3125	28.729813
4.35	28.789309
4.3875	28.848907
4.425	28.908611
4.4625	28.968418
4.5	29.028328
4.5375	29.088343
4.575	29.14846
4.6125	29.208683
4.65	29.26901
4.6875	29.329443
4.725	29.389978
4.7625	29.450619
4.8	29.511364
4.8375	29.572216
4.875	29.633171
4.9125	29.694231
4.95	29.755398
4.9875	29.816668
5.025	29.857399
5.0625	29.88823
5.1	29.919537
5.1375	29.951313
5.175	29.983551
5.2125	30.016241
5.25	30.049377
5.2875	30.08295
5.325	30.116953
5.3625	30.151379
5.4	30.186218
5.4375	30.221468
5.475	30.25712
5.5125	30.293167
5.55	30.329605
5.5875	30.366426
5.625	30.403625
5.6625	30.441196
5.7	30.479134
5.7375	30.517431
5.775	30.556086
5.8125	30.59509
5.85	30.634443
5.8875	30.674135
5.925	30.714163
5.9625	30.754524
6.0	30.795212
6.0375	30.836224
6.075	30.877554
6.1125	30.919199
6.15	30.961155
6.1875	31.003418
6.225	31.045984
6.2625	31.08885
6.3	31.132011
6.3375	31.175467
6.375	31.21921
6.4125	31.263239
6.45	31.30755
6.4875	31.352142
6.525	31.39701
6.5625	31.44215
6.6	31.487562
6.6375	31.533241
6.675	31.579185
6.7125	31.625391
6.75	31.671856
6.7875	31.718578
6.825	31.765556
6.8625	31.812784
6.9	31.860262
6.9375	31.907988
6.975	31.955957
7.0125	32.00417
7.05	32.052624
7.0875	32.101315
7.125	32.15024
7.1625	32.199406
7.2	32.2488
7.2375	32.298424
7.275	32.348274
7.3125	32.398354
7.35	32.448658
7.3875	32.499184
7.425	32.549934
7.4625	32.6009
7.5	32.652084
7.5375	32.703487
7.575	32.755104
7.6125	32.806934
7.65	32.858974
7.6875	32.911224
7.725	32.963684
7.7625	33.01635
7.8	33.06922
7.8375	33.1223
7.875	33.17558
7.9125	33.22906
7.95	33.28274
7.9875	33.336624
8.025	33.390705
8.0625	33.44498
8.1	33.499454
8.1375	33.55412
8.175	33.608982
8.2125	33.664032
8.25	33.719276
8.2875	33.77471
8.325	33.830334
8.3625	33.886147
8.4	33.942146
8.4375	33.998333
8.475	34.054703
8.5125	34.111256
8.55	34.167995
8.5875	34.22492
8.625	34.28202
8.6625	34.339302
8.7	34.396767
8.7375	34.45441
8.775	34.51223
8.8125	34.57023
8.85	34.628407
8.8875	34.686756
8.925	34.745285
8.9625	34.803986
9.0	34.86286
9.0375	34.921913
9.075	34.981136
9.1125	35.040527
9.15	35.100094
9.1875	35.15983
9.225	35.219734
9.2625	35.279808
9.3	35.340054
9.3375	35.400467
9.375	35.461044
9.4125	35.521793
9.45	35.582706
9.4875	35.643784
9.525	35.70503
9.5625	35.766438
9.6	35.828014
9.6375	35.88975
9.675	35.951653
9.7125	36.013718
9.75	36.075943
9.7875	36.138332
9.825	36.200882
9.8625	36.26359
9.9	36.326466
9.9375	36.389496
9.975	36.45269
10.0125	36.491856
10.05	36.482754
10.0875	36.47372
10.125	36.464752
10.1625	36.455856
10.2	36.447025
10.2375	36.438263
10.275	36.429565
10.3125	36.420933
10.35	36.41236
10.3875	36.40386
10.425	36.395412
10.4625	36.38703
10.5	36.37871
10.5375	36.370453
10.575	36.362255
10.6125	36.354115
10.65	36.346035
10.6875	36.338013
10.725	36.330048
10.7625	36.32214
10.8	36.314285
10.8375	36.30649
10.875	36.298748
10.9125	36.29106
10.95	36.28343
10.9875	36.27585
11.025	36.268322
11.0625	36.26085
11.1	36.253426
11.1375	36.24605
11.175	36.23873
11.2125	36.23146
11.25	36.22424
11.2875	36.217068
11.325	36.20994
11.3625	36.202866
11.4	36.19584
11.4375	36.188858
11.475	36.181923
11.5125	36.175037
11.55	36.168194
11.5875	36.161396
11.625	36.154644
11.6625	36.147938
11.7	36.141273
11.7375	36.13465
11.775	36.128075
11.8125	36.12154
11.85	36.115047
11.8875	36.108597
11.925	36.10219
11.9625	36.09582
12.0	36.089497
12.0375	36.083206
12.075	36.07696
12.1125	36.070755
12.15	36.064587
12.1875	36.058456
12.225	36.052364
12.2625	36.04631
12.3	36.040295
12.3375	36.034317
12.375	36.028378
12.4125	36.022472
12.45	36.016605
12.4875	36.010773
12.525	36.004974
12.5625	35.999214
12.6	35.99349
12.6375	35.987797
12.675	35.98214
12.7125	35.976517
12.75	35.97093
12.7875	35.96537
12.825	35.95985
12.8625	35.95436
12.9	35.948902
12.9375	35.943478
12.975	35.938084
13.0125	35.932724
13.05	35.927395
13.0875	35.922096
13.125	35.91683
13.1625	35.91159
13.2	35.906384
13.2375	35.901207
13.275	35.89606
13.3125	35.89094
13.35	35.885853
13.3875	35.880795
13.425	35.875767
13.4625	35.870766
13.5	35.86579
13.5375	35.860844
13.575	35.855927
13.6125	35.85104
13.65	35.846176
13.6875	35.841343
13.725	35.836533
13.7625	35.831753
13.8	35.826996
13.8375	35.82227
13.875	35.817566
13.9125	35.81289
13.95	35.808235
13.9875	35.80361
14.025	35.79901
14.0625	35.794434
14.1	35.789883
14.1375	35.78536
14.175	35.780857
14.2125	35.77638
14.25	35.771923
14.2875	35.767494
14.325	35.76309
14.3625	35.758705
14.4	35.754345
14.4375	35.750008
14.475	35.745697
14.5125	35.741405
14.55	35.737137
14.5875	35.73289
14.625	35.728664
14.6625	35.724464
14.7	35.720284
14.7375	35.716125
14.775	35.71199
14.8125	35.707874
14.85	35.703777
14.8875	35.699703
14.925	35.695652
14.9625	35.69162
15.0	35.687607


